function [Y,Xf,Af] = MyNetworkFunction(X,~,~)

% ===== NEURAL NETWORK CONSTANTS =====

% Layer 1
b1 = [-0.75526273656807485501;-0.42643877276013558708;-0.17414295084955153103;-1.2359099481580704261;1.8852050001503362076;0.81222521035777861531;-0.17849108069662322773];
IW1_1 = [-1.6518468959415242292;0.78263609166048797583;3.4752147542051519125;1.1964426129336218629;4.3392498119875506646;-1.3005604979964111578;2.3826868680080797169];
IW1_2 = [-0.22519637255440685952;10.2421422795493271;23.39693438971928785;7.1927724409893247781;18.430944215607944159;-19.253853208941563935;2.8437369825830920433];
IW1_3 = [-0.31149681072328072595;1.0014882062263794626;0.5396578369401781039;0.64176649441014532727;-1.2758053731534924058;0.33312402656136647083;0.62934030656540529414];
IW1_4 = [1.8816596145125539241;1.565442963421519007;-0.80805290441022747938;0.36799159401461173369;0.77140367530793219064;0.68775979173160139979;0.336125935485893923];
IW1_5 = [0.096845346040106597418;0.47716821910034618037;2.3621530790963531921;-0.73435742310592166948;-0.022732320680886895781;2.5131462464743372642;-2.2498110561382667072];
IW1_6 = [-8.2904529208307735644;-8.932737345875919388;1.6215601991484320799;10.691361745998444022;-2.867069180635221759;-2.16756523815160973;-6.5776433030497001297];
IW1_7 = [0.85984580543438293709;-1.4574608822845704914;-0.085553628436183956629;-0.45804738012235268751;1.1776696757504598878;-0.036133215799466288087;-0.34263196504461074232];

% Layer 2
b2 = [1.521590161402037289;-1.9845523968325518016;-0.70310950833732088761;-3.7299266019110728365;-0.63288021155380425053;-1.5044654319947308174;-3.6080909289596854173;-9.7427724176814969326;-0.14267198034921937944;1.6442484751291008838;-1.211343076907143157;-5.1364532874725492562;-6.1946765192902271124;-12.152561510038417225;-2.9729753975645620834;-1.4365421549539867385;5.054521728164496075;2.940467575434297931;2.5496691702496803167;-4.4378941692682287723];
LW2_1 = [-0.39425070087083857739 1.8709224825240635681 -2.2876189381131024625 -0.62224540327379973537 -4.7985426810004216946 0.62620330333765761299 -1.6152491282472027923;0.9551329814661245754 -0.60988129824612191676 1.0687457477568589326 0.49663218469117803577 -0.91762966788256683515 0.42483932508136584838 0.95664315482760342579;-0.38045600117066347146 -0.37773359900185093929 0.39430379757280553665 -0.72094191765568238495 -0.39439083916464084956 -0.33063771726886503899 0.18555523169325569;-0.83139908874639945058 1.4442628595501676436 3.0401905979074013153 -1.3815135736664034827 0.97939621381577435244 4.2649789924633054738 -4.2459787447631009982;0.2414865662156771009 0.20850706861603543474 0.50739779743028434744 0.082041758917906479343 0.079878203471516959211 -0.6667274622774098658 -0.18435265158200225821;-0.032222686790170242122 0.15465260646416248425 0.42406647771897676424 0.16993748942018360726 0.33086672358514768177 -0.30732223295098987093 0.079346636457215749538;0.46434862932176651507 -0.29457457109401463669 -0.62253205529800270668 0.13858782881361730865 -0.91232633061987911116 -0.011675933918079722806 -0.7443796732008377548;-3.046414883889517089 -1.9380180671144358051 -3.9927005465291642849 -0.36644169874127524578 0.36973203257684744694 6.5249198540378987587 2.6691279496622999368;1.2060241970295044744 -10.541336390866648642 -23.772944815726145151 -7.2206933468576730561 -18.780607142816513999 19.223164352946863431 -3.1278224818070352597;1.6497278214411421615 -2.1460792100325125631 0.8643179333045174495 -0.86311015299710358573 1.4775502025627627045 0.78182442174940769419 -1.2449785548147276337;0.0034647373463790476916 -0.016783637465862821098 0.00072190047303482586527 0.10086323620875276008 -4.2668100304769724306e-05 -0.014171487638076843071 -0.051576886172923171181;-0.19548909363579175524 -0.24109999946751811684 -0.26142497861685742855 1.3388847721401160307 0.18249146055454118498 0.16732127893387488404 -0.58591081465780381343;9.2204545365425989445 10.264296982469092612 -2.4491583037501230002 -10.770440109095615 3.6302289259145532618 2.8031266014080102877 6.8810878767799765754;1.2229864559853593775 0.047876501427758989815 0.27547476993004882395 1.2734091180934701271 -0.95836590947297806142 -1.7562749237114525513 -2.0146745529988141499;1.6155794457441774448 0.54372490306225385037 3.4230455499943670539 1.7276099243812705897 -3.7833639177531281916 0.53197390058566995652 2.3689656979377873292;-0.040127765026631768974 -0.044254753867013447988 -0.04770442088255282681 0.24563871474614046297 0.033672060756797052294 0.027811469161001429323 -0.11364300106516189715;2.9353230771434528634 -3.4407220522981218913 0.98816892248681797994 -0.22612848885593100912 0.70528256083634177642 -0.006070101901077148282 0.54968370981458669622;0.68259578820324517956 -0.77313303911365049981 -0.6208915225612084976 0.63250918567237657264 -0.61922575658607625915 -1.2680914143036075004 1.7480543209331327326;2.9937189364177725359 2.9469457629720907654 -3.1231411632897723152 5.7438231158034751545 3.1257685316411474297 2.6651504161282018046 -1.4587816996270843717;-0.42491685439336357444 0.22160829252039171422 -0.75700330650316172143 -0.10810423487899470385 0.32530221717759444378 -0.54245472171943853734 -0.089748920360334730195];

% Layer 3
b3 = [-4.4013854900656204094;6.1118242354343887968;-2.7357615430724457894;-5.9625764407128665212;2.1454062842528989208;-0.80790270679894304884;-16.859500670235959774;2.1499401526330883527;0.57978613920934840564;-18.054276313860750491;-0.0071949950996902456782;4.2403021136426710669;3.3632673555411254362;-0.83581548188292087431;1.6285778710543372672;0.14568964243292445437;4.9594491828822979684;-2.0807667546908041878;0.89858152944689739794;-1.8347696328473752647];
